10P0010000000000000000001310000000123323100001343000001000121000000024433443000000154212123000000122001231000001000000000000232000000000012333342000000000331002332100002243332433222332223342300000100000000000022100000245300000001200000000011100111334312447
0000000000000000000000000000000000023444100002231200000000244000000024544442100000001123333000000321000013100000000000000000144100000000013321332200000001332123444300000234443243233243232444300000000000000000000000013344100000000000000000002113212333443230
0000000000000000000000000000000000033333000001322210000013443200000013443443100000000001442200000232100013200000000000000000254200000000002211223310000000221233444300000135423332222344341233100000000000000000000000024432000000000000000000001223312234444300
0000000000000000000000000000000000001242100000332110000024343000000001234434100000000000143310000023100012100000000000000000345300000000002233332322000000111232244410001244442421231123432132100000000000000000000000014430000000000000000000013332121213433000
0000000000000000000000000000000000000344210001233110000023421000000000323443311000000000122432000012300033210000000000000000244200000000023224433211000000011111124530001443433431200113333222310000000000000000000000024310000000000000000000022220001223432100
0000000000000000000000000000000000002344113113454210000034222100000000033321243000000000012431000002000035431000000002221000023210000000023123433100000000000121124331002554334300000021443224420000000000000000000000022300000000000000000000001100002323454300
0000000000000000000000000000000000003334233334454320000124432310000000013231234100000000002220000000000144432000000024432000001330000000012223343100000000000212322311004564222000000013232244432000000000000000000000001000000000000000000000000000000334434320
0000000000000000000000000000000000000244442443433420001333432230020000013322234300000000002310000000000244221110001244431100000223111000022223334320000000000022233210003454311000000003243424433000000000000000000000000000000000000000000000000000000144423335
1000000000000000000000000000000000000024233343423332124434432231111000013422334200000001112210000000001234222210003312322120000133243000013344334310000000000002334300001223441000000001324235552100000000000000000000000000000000000000000000000000000134310147
1000000000000000000000000000000000000023222434442443356543344322310000014432444110000133223300000000011222233210000112232221000011343200013333332100000000000002233000000213443000000000013233553210000000000000000000000000000000000000000000000000000034100018
0000000000000000000000000000000000000001212233332334455543444222000000023554354310001342134310000001222322234300000012333342000001124300012233421200000000000001120000000023431100000000000223432210000000000010000000000000000000000000000000000000000023100000
0000000000000000000000000000000000000000012232333424442214333331000000223444344211112432223421000003442322343200000002445554100000022000013454441110000000000001111000000001334120000000000012210000000020000312000000000000000000000000000000000000000122300000
1000000000000000000000000000000000000000011234244443320012444320000013234343223232343443433343100013544222423210000001466533311100000000004445433332000000000000132100000000133320000000000002100000000122000121100000000000000000000000000000000000002333320008
4110000000000000000000000021000000000000002134344433210002333300000024334421011322345543443134200002453224422320000013355532121220000000001445434532000000000001134300000000003321000000000000000000001221000011110000000000000000000000000000000000023333243230
2321000000000000000000000123000000000000000324233334310000232000000023553310002333233434542123200012432244542200000133234211133322000000001355434442000000000001343310000000000242000000000000000000133110000000220000000000000000000000000000000000013332445559
4422000000000000000000000131100000221000000243224422200000000000000013564200000232323324422323200022422355542000002224431312235441000000000224455531000000000000224200000000000243000000000000000000343410000000121000000000000000000000000000000000012221245552
4322000000000000000000000212100001233000001133223321000000000000000012554100000122342233333453300023332335421000000013221243355320000000000014565441000000000000022100000000000332100000000000000000335530000001323100110000000000000000000000000000001322124422
3210000000000000000000002121000002321100003244423332000000000000000014342000000012332333322554210024433435530000000000012443344320000000121002554444100000000000012111000000000234100000000000000000135532000001431322331000000000000000000000000000000232434327
1000000000000000000000002222100002323220012454443343100000000000000002320000000000023333223454320014442355420000000000002431134432000002243001444444300000000000122111300000000132300000000000000000134422000013223442441100000000000000000000000000000012235430
0000000000000000000000000233200000345541014444344433300000000000000000110000000000003221222333322124353245310000000000003421123333200013343100244353330000000000132222200000000002210000000000000000145320000002233423334200000000000000000000000000000000023423
0000000000000000000000000132200000133431024453332354300000000000000000220000000000000221110001122344454333420000000000001343223323210002422000133455541000000000222243100000000012310000000000000000145430000000244333333310000000000000000000000000000000003221
0000000000000000000000000001000000001232224443223442210000000023100000331000000000000022200000001334456533420000000000000134333112212000120000002454442000000000223233000000000011200000000000000000145411000000034443343211210000000000000000000000000000000200
0000000000000000100000000000000000001344443422324433220000011244300000242000000000000012200000000122345533430000000000000013244122343100000000001334421000000000233110000000000001000000000000000000135431200000003332433322221000000000000000000000000000000000
0000000000000013320000000000000000000224543233444542331000023224220001332000000000000034300000000000123542232000000000000001344331343100000000000124332000000000033000000000000000000000000000000000144433200000000123244344423000000000000000000000000000000003
0000000000000003322000000000000000000012443334434433321000011234420013323100000000000134200000000000033454444200000000000001444422333100000000000012221000000000000000000000000000000000000000000000334434410000000002134455344100000000000000000000000000001300
0000000000000001312000000000000000000002232432442343241000001332330003233310000000000343100000000000023445543310000000001001322243343100000000000000000000000000000000000000000000000000000000000001343444430000000000033455542310000000000000000000000000013310
0000000000000000000000000000000000000000013433342223442000002233341001334320000000000223000000000000002234333321000000000001333443244100000000000000000000002100000000000000000211110000000000000001334444420000000000003334432330000121000000000000000011224433
0000000000000000000000000000000000000000014344433332541000001133442001344223200000000022100000000000000133544443200000000001332243434300000000000000000000022221000000000000001332121112200000000001334443420000000000000123232422001332100000000000001323344437
0000000000000000000000000000000000000000032422243343341000000011343113344432320000000034400000000000000014544334410000000001232445453320000000000000000000013343300000000000012432233144110000000000124344430000000000000012323342001321300000000000002323443320
0000000000000000000000000000000121210011234212332332121200000001243224424332320000000034231111100000000014422243330000000001123355434321000000000000000000002442200000000000012444332433220000000000022224410000000000000023122430000111100000000000133324233310
0000000000000000000000000000000232221133344322321210000000000000232233422423320000000002344432300000000013232433200000000000222244433233000000000000000000002321000000000000001235533342200000000000011233210000000000000132223210000000000000000000144433422325
0000000000000000000000000000000122212122244443322200000000000000022334234423100000000000244434320000000002322342000000000000232333422453000000000000000000000100000000000000000133433311000000000000003443111111000000000023223210000000000000000000144433100210
0000000000000000000000000000000122221343433433322200000000000000013443434342100000000000132133330000000000232232000000000002343433122453000000000000000000000000000000000000000000012220000000000000001331013311210000000002332310000000000000000000134342000002
0000000000000000000000010000000233233443433222431100000000000000014322333333100000000000000013332100000000012220000000000023444210132433000000000000000000000000000000000013100000002320000000000000000000014233341110000000222200000000000000000001333443100000
0000000000000000000000000000000234442324232333323200000000000000024332322223110000000000000002343300000000000000000000000013443100022341000000000000000000000000000000000133300000002110000000000000000000013434542330000000021000000000000000000034443444310002
0000000000000000000000000000000023553343334542122100000000000000012333320000100000000000000001442310000000000000000000000003443100002430000000000000000000000000000000002233310000001212000000000000000000002444423333000000000000000000000000000134443333431000
0000000000000000000000000000000002334344334431112100000000000000003244200000000000000000000000232200000000000012000000000001243000002431000000000000000000000000000000002343330000002232200000000000000000002233244444210000000000000000000000000032335323332000
0000000000000000000000000000000000013344343311121000000000000000000331100000000000000000000000221100000000000124100000000000321000012353000000000000000000000000000000000332421000000133200000000000000000001211235435541000000000000000000000000013355542320000
0000000000000020000000000000000000000244432221232100000000000000000012220000000000000000000002221210000000000343300000000000120000013443000000000000000000000000000000000123230000000012310000000000000000000110144355554100000000000000000000000014325442210000
0000000000000000000000000000000000000002343221234220000000000000000013331000000000000000000002124320000000001243200000000000000000022422000000000000000000000000000000000022332000000003210000000000000000001121345556543410000000000000000000000123323442110004
2000000000000000000000000000000000000000233232345432000000000000000024532000000000000000000001342200000000002322000000000000000000013231100000000000000000000000000000000001344100000000000000000000000000001323444455534430000000000000000000013323332433100130
2100000000000000000000000000000000000000033424342422000000000000000023542200000000000000000001234200000000003420000000000000000000023322112000000000000000000000000000000000224410000000000000000000000000001334333434423410000000000000000000014444443130001322
4211210000000000000000121000000000000000014332323232110000000000000124422212212100000000000000122310000000001320000000000000000000023212212310000000000000000000000000000000133410000000000000000000000000000134343344322220000000000000000000133533432300002330
3422120000000000000000243000000000000000023343212333430000000000000133223323223200000000000000011440000000000110000000000000000000002233002230000000000000000000000000000000122300000000000000000000000000000022334222432321000000000000000000234322332000133327
4332212231000000000000124100000000000000013222223454420000000000000131223334242000000000000000003431000000000000000000000000000000000120000100000000000000000000000000000000033100000000000000000000000000000000113434354342000000000000000000342223342001444322
3543122443000000000000024310000000000000012212123445431000000000000122322343331000000000000000001331000000000000000000000000000000000000000000000000000000000000000000000000024300000000000000000000000000000000012444455521000000000000000000134323533001345430
3543333242200000000000001100000000000000013222223454531000000000000212322444222000000000000000000211222100000000000000000000000000000000000000000000000000000000000000000000143100000000000000000000000000000000003332345441000000000000000000023223552000145439
4443442212310000000000000000000000000000014423432335421000000000000012344434120000000000000000000121223200000000000000000000000000000000000000000000000000000000000000000000133000000000000000000000000000000000002423344431000000000000000000002222554100024430
4333444232111000000000000000000000000000013432454443232000000000000013245432300000000000000000000012331200000000000000000000000000000000000000000000000000000000000000000000000000000000000000000000011000000000002433343220000000000000000000012244355100012227
4234234543100000000000000000000000000000002223556433332100000000000232433334210000000000000000000023311000000000000000000000000000000000000000000000000000000000000000000000000000000000011000000000143200000000003443422211000000000000000000034443354300003333
4232334432100000000000000000000000000000000222355542333300000000001343433433421000000000000000000023210000000000000000000000000000000000000000000000000000000000000000000000000000000000133000000000343200000000002333234343000000000000000000024422554200000127
4112423410000000000000000000000000000000000022243432445310000000001334434344321200000000000000000013112110000000000000000000000000000000000000000000000000000000000000000000000000021111441000000000224110000000002334222333000000000000000000022323453200000236
2233344320000000000000000000000000000000000001211223444300000000003322443322343100000000000000000132233433100000000000000000000000000000000000000000000000000000000000000000000000133334443200000000123100000000003343222441000000000000000000001333345310001340
2243342323100000000000000000000000000000000000122224342000000000002213324433244220000000000000011322323555400000000000000000000000000000000010000000000000000000000000000000000000135534544230000000121000000000000333442443000000000000000000000233455400001430
2244333444200000000000000000000000000000000000213342310000000000001132234543434433000000000000114341223466300000000000000000000000000000001321000000000000000000000000000000000002245444543410000000221100000000000144343341000000000000000000000123344210001431
2123543332300000000000000000000000000000000000122432100000001200001212324565232453300000000000134333124466300000000000000000000000000000021222210000000000000000000000000000000001345333431200000001233300000000000014422320000000001200000000000221232310000126
3323343333000000000000000000000000000000000000114342200000003310000123432465332454320000000002221422233355200000000000000000000000000000022323430000000000000000000000000000000001354344320000000003324410000000000003432200000000002310000000000111211230000000
2421333422100000000000000000000000000000000000223434410000012210000023323455453234322000000000211122122244000000000000000000000000000000023244331100000000000000000000000000000000332244300000000000135300000000000000122000000000001200000000000011122320000000
3422333343200000000000000000000000000000000000132224420000132100000223112444554334443000000000000000000110000000000000000000000000000000001335434220000000000000000000000000000000012244200000000000034100000000000000000000000000000000000000000000224312100009
2344442342200000000000000000000000000000000000032213430000234200001121122323543333542100000000000000000000000000000000000000000000000000000134554331000000000000000000000000000000002234200000000000023210000000000000000000000000000000000000000000133234200001
2345644344220000000000000000000000000000000000014212310000343300001333232223432124443200000000000000000000000000000000000000000000000000000001343343000000000000000000000000000000001432210000000000022341000000000000000000000000000100000000000000122443200003
4245555534321000000000000000000000000000000000023432210002233100001245432124432124422000000000000000000000000000000000000000000000000000000000122333000000000000000001100000000000000332420000000000124443000000000000000000000000013320000000000000011332000000
3322245433230000000000000000000000000000000001334433230002122200000134553244343322200000000000000000000000000000000000000000000000000000000000023221200000000000000033200000000000000021231000000000144332000000000000000000000000222430000000000000001222100007
4300023220000000000000000000000000000000000002255434321000011100000112454333213231000000000000000000000000000000000000000000000000000000000000001322210000000000000134210000000000000000121000013311242322000000000000000000000012222422000000000000001333300000
3000012100000000000000000000000000000000000001434232432000002000000243442433111112000000000000000000000000000000000000000000000000000001200000000132320000000000000032420000000000000000000000014333344220000000000000000000000134433442100000000000000333231002
0000022000000000000000000000000000000000000000122312443100000000000254323233212310000000000000000000000000000000000000000000000000000002120000000123332000000000000013221000000000000000000000023543442331000000000000000000000133334433310000000000000144343115
0001342100000000000000000000000000000000000000023212433000000000000333333534324431000000000000000000000000000000000000000000000000000001320000000145541000000000000012234100000000000000000000025545444444100000000000000000000012324543320000000000000145412320
0014552100000000000000000000000000000000000000023332331000000000000234235431323434100000000000000000000000000000000000000001200000000001231000000144531132231000000002122200000000000000000000024544435454300000000000000000000000125533410000000000000034211334
0025654100000000000000000000000000000000000000133344220000000000000034234310013454221100000000000000000000000000000000000001210000000002243000000034433344432210000000000000000000000000000000002442233533310000000000000000000000023455330000000000000024421440
1255644100000000000000000000000000000000000001344342100000000000000012322100003454323230000000000000000000000000000000000000200000000001333100000012455445431211211100000000221000000000000000001224213443300000000000000000000000011244441000000000000145412434
3556643000000000000000000000000000000000000002322332000000000000000000121000000243233331000000000000000000000000000000000000000000000001233300000023444554222242333230000000132000000000000000001135422432210000000000000000000000000112430000000000000034321332
4564542000000000000000000010000000000000000002333322000000000000000000000000000023344221000000000000000000000000000000000000000000000000344310000014323354422544234321000000123000000000000000000233433123221000000000000000000000000001200000000000000014321230
3545433200000010000000013422000000000000000001331222100000000210000000000000000002443112000000000000000000000000000000000000000000000000124221000003422345444453323342100000010000000000000000000001312134432200000001221100000000000000000000000000000000122338
4343233200001332000000034433100000000000000000213133310000000222110000000000000001321232100000000000000000000000000000000000000000000000033223000001342242343324322332220000000000000000000000000000021233333110000002221011210000000000000000000000000000023120
2330000000002333200000034233100000000000000000012423420000000232233100000000000000011234310000000000000000000000000000000000000000000000023332000000322323223323433113432000000000000000000000000000002210012232000000110003441000000000000000000000000000013103
2200000000001242300000023422000000000000000000013344210000000013234300000000100000012224530000000000000000000000000000000000000000000000002330000000021222323323344213441000000000000000000000000000000000000213200000000001444111210000000000000000000000023100
0000000000003344200000003210000000000000000000002343212000000033444231000112120000023335631000000000000000000000000000000000000000000000000000000000012234324211353113432100000000000000000000000000000000000011220000000001254323210000000000001200000000033100
0000000000001334200000000000000000000000000000000222423100000144444333311223112000013345641000000000000000000000000000000000000000000000000000000000135542344223344113424410000000000000000000000000000000000001213100000000334224100000000000022220000000012200
1000000000000022000000000000000000000000000000000024443400000334344242343343221000134334541000000000000000000000000000000000000000000000000000000011245533244432332234344431000000000000000000000000000000000000234420000000022133200000000000023432000000022210
3200000000000000000000000000000000000000000000000003434320001344544334344444211000133332430000000000000000000000000000000000000000000000000000212112333434344212422333344333200000000000000000000000000000000000034432110000011342100000000000134543200000002213
3331000000000000000000000000000000000000000000000000122232112334544433322443211000323223210000000000000000000000000000000000000000000000000012232212444465522232433223432234300000000000000000000000000000000000002343431000122343100000000000033442100000000000
3443100000000000000000000000000000000000000000000000000233421335344334312244300000132324410000000000000000000000000000000000011100000000000003243223344555342334322123433442200000000000000000001000110000000000000013442000133222100000000000002320000000000000
2433220000000000000012000000000000000000000000000000000013432234333442321244110000001233420000000000000000000000000000000000023331000000000000333124432442233322200232433434310000000000000000142212322000000001100001222000233223110000000000000000000000000002
1123333100000000000132100000000000000000000000000000000001344243322134221242333000000133420000000000000000000000000000000000001232000022000000134222423220001130000023323333320000000001000000344333342000000244300000120000133442220110000000000000000000000000
1113433200000000000024221000000000000000000000000000000001335433300013300124442000000134210000000000000000000000000000000000000012110333100000133422443110000000000013342233320000000013310001332323443000002344200000000000002432421231000000000000000000000000
2224433100000000000002421000000000000000000000000000000000344422000000000022331000000222310000000000000000000000000000000000000013312234200000023342244410000000000000231113200000000014430000223212222000023323000000000000000225533112000000000000000000000002
3344542200000000000000141000000000000000000000000000000001242221000000000001230000012221231000000220000000000000000000000000000001322244300000002321234341000000000000000000000000000012321000232232210000034330000000000000000035553322000000120000000000000016
3455343000000000000001223100000000000000000000000000100002342323000000000000111000023221232000000221000000000000000000000000000002222434200000002232333454100000000000000000000000000012333101231123320000133210000000000000000024444243100000222000011000000015
2332431013200000000013222300000002000000000000001012233221334443000000000000122000021231123200000012100000000000000000000000000000223443200000000234224453200000000000000000000000000121454231210002422101322300000000000000000022333354100000013100133100000003
0012120023221000000031123200000001100000000000011223343431134321000000000000023000013222244300000000000000000000000000000000000000033223300000000234344532100000000000000000000000001321454333200000143342234310000000000000000012244434100000012001323200000000
0002110021122300000011222000000011000000000000213242234443333321000001000000001000023332343300000000000000000000000000000000000000012232310000000223335433210000000000000000000000001212354433100000013324224431000000000000000033444231300000000000243110000000
0000000012113410000002210000000020000000000000132221234444544222000022310000000000133443234210000000000000000000000000000000000000000122210000000012244543410000000000000000000000001222444333300000000012433553200000000000000135343212100000131001243110000000
0000000023323310000013310000000000000000000000023111333233454110000023310000000000124334343312100000000000000000000000000000000000000012112000000002114533300000000000000000000000112342223243110000000002323444310000000000000034443332310000242001342100000000
0000000002332100000013121100000000000000000000001201244333241000000013231000000002234423542322000000000000000000000000000000000000001211122100000000023444100000000000000000000012442334200233332200000000000113422100000000000002333234320000132000242000000000
0000000002432000000001112320000000000000000000000000134434210000000021133000000000345433443331000000000000000000000000000000000000001331223100000000013434100021000000000000001344543322211233334220000000000001333310000000000000122322320000020000233000020000
0000000002430000000000013422000000000000000000000000213234200000000022232000000000144434221001000000000000000012100000000000000000001312233300000000003331212122100000000000002445554333233101123332000000000000123331000000000001322222210000000000231001322005
2000000003100000000000034311210000000022000000000000031234221000000112333000000000013343200000000000000000000023200000000000000000000002323200000000001221023424100000000220001225533343432000013132000000000001243542100000000002122443200000000000000002331003
2200000000000000000000013321120000000132000000000000001244233100000113332000000000001243200000000000000000000012200000000000000000000000001100000000000000002331200000001122000124422344320000011221000000000123445454330000000132344553210000000000000121221001
3310000000000000000000013320100000000221100000000000001243234300000133311000000000001332310000000000000000000023211110000001320000000000000000000000000000000000000000001220000033332232300000001322000000001345433555322000001455555434330000000000001442321100
3331000000000000000000002110000000000122120000000000001334244210000033430000000000001322330000012200000000000013332330000001443100000000000000000000000000000000000000000110000003322332200000001342200000001445543443322000122354544543420000000000004434442220
4323000000000000000000001110000000000132311111000000000123423442100002310000000000002122431000023310000000000002432122000000343300000000000000000000000000000112110000000000000001133444300000002132222300001453354322110001222344355343210000000000001443322447
4442000000000000000000001120000000000023321343200000000023423454200000000000000000021123242000132430000000000013343244200000132220000000000000000000000000000222333100000000000000344434320000000123433120000342344322300000133332234445300000000000000132012340
2322000000000000000000000232000000000003432354310000000001224442111000000000000001222111223100323330000000000033333454410000003330000000000000000000000000000123244320000000000000142233442000000034432200000233223233200000033331233455200000000000000000001230
2110000000000000000000000134300000000000222455310000000000122223334311000000000133312221024300133221000000000013445445410000000211000000000000000000000000000012343420000000000000032224544200000012434210000233323214200000013223322433200000000012000000000025
2000000000000000000000000023300000000000033224220000000000032224554343200000000242234432223310033331000000000000244554300000000022100000000000000000000000000002443310000000000000013432553120000014343231000022232212310000001233334332100000000011000000000000
0000000000000000000020000012000000000000000000100000000000003355434344321200001343343432334300002442000000000000134223000000000014300000000000000000000000000001323100000000000000013222441222100034423333100002122342300000000133344431120000000000000000000000
0000000000000000000021000000000000000000000000000000000000001443434453442220000334433322323200001323000000000001222341100000000134321100000000000000000000000000342200000000000000021233331144300144442343300000124553100000000033323442330000000000000000000008
3000000000000000000011000000000000000000000000000000000000001313335545544320000024323222223220001322000000000013212344200000000022233310000000000000000000000000132110000000000000012313442233321343544454210000034434100000000013313344320000000000000000000000
2310000000000000000000000000000000000000210000000000000000000013454333454421000123334232344421114542100000000012223354210000000000112312210000000000000000000000003431000000000000023122343222322134445434210000132343300000000001232334200000000000000000000004
3230000000000000000000000000000000000001322000000000000002211124433434434331000212344533334432244553110000000002122552220000000000002132332320000000000000000000012442000000000000010011234333232101344443412000022333210000000000123333000000000000000000000002
2320000000000000000000000000000000000002443100000000000021234323322334322432002123244543435543334453311000000000013554220000000000000133343320000000000000000000033422000000000000000112334324544100024544341200001133222000000000122331000000000000000000000000
3321000000000000000000000000000000000003344100000000000011243221123323123241111132232343333423335554444100000000001344310000002210000224422100000000000000000000333332110000000000000221122334553000012433433110000013342000110001344430000000000000000000000009
2431000000000000000000000000000000000001343200000000000002434221144421222312232322223244454233355555344210000000000242320000002331000233433100000000000000000000343122431000000000000000002453531000002244233321000002432101442013445421000000000000000000000002
3232000000000000000000000000000000000000333100000000000002454331334332323323232222343345544433455554342222000000000133230000012334100013243000000000000000000000131134222000000000000000000345441000001332333211220001332124453223345523200000000000012100000000
3343300000000000000000000000000000000000021000000000000001354322242343232234444322434244354423432344331223300000000012330000144442300001323100000000000000000000002244322211000000000000000014554100000121000002222000232234453232235433200000000000132330000000
3554410000000000000000000000000000000000000000000000000001454331244344311344543332342113345334442223311224320000000013431000145422300000022000000000000000000000000323443342200000000000000003544300000000000001322211122132344223122322100000000000143222000016
4444231000000000000000000000000000000000000000000000000000244442245432212345442233330022434434554232123344223000000033333000133421111000012110000000000000000000000133343433421220000000000001332120000000000000234443333234434332100011100000000000134221000033
4342241000000000000000000000000000000000000000000000000000144433244333323444312322410002443344543212234434334100000013243000023322442000024431000000000000000000000023443235644232000000000000122230000000000002145554543335443222100001300000000000033442000116
3443342100000000000000000000000013210000000000000000000000133343334333334542112433410001334324433210134343554100000000120000022213342000033442000000000000000000000013343356665423100000000000001410000000000002235534443344443122000013100000000000002233000010
1443434200000000000000000000000025541001320000000000000000021342232224214310021123430000134324232300012333343000000000000000014422320000011121000000000000000000000001334444554422300000000000001330000000000000135534422112123321000003210000000000000111000000
2232223200000000000000000000000044541003322000000110000000001322234344211000012113131000022334321000000001221000000000000000004541100000000000000000000000000000000000222324533434410000000000002331000000000000024444312421224222000000011100000000000000000000
2311122110000000010000000000000014341002342320000321100000000012333433310000001100002111123434431000000000111000000000000000001442000000000000000000000000000000000000122235434553221000000000002321000000000000023431113554242211000000013200000000000000000003
3222233231000000122000000000000013454112324541000123320000000001332322100000000000000114433343541000000001210000000000000000000232000000000000000000000000000000000001313444433442232000000000012420000000000000003332234653423331100000012000000000000000000000
1222223223000000123100000000000002444321145442000123321000000002133311100000000000000012443244541000000003311000000000000000000033000000000000000000000000000000000013222455443232321000000000145421100000000000002323324431244423220000000000000000000000000005
1033331123000000244300000000000002222330144442000023422000000002324231110000000000000000242344542110000003331000011000000000000000000000000000000000000000000000001223422234334324331000000002355431120000000000002222321100133333210000000000000000000000000000
0024542232000000133210000000000000222310022331000002212100000011244232131000000000000000222344433231000001221000111000000000000000000000000000000000000000000000003332332342223543332100000002444222110000000000001323431000013343200000000000000000000000000007
0034432434100000001230000000000000013210002100000000111220000011233310122000000000000001322443344323300000120000131000000000000001000000000000000000000000000111001333233443323543342300000003444221200000000000000024333000001233210000000000000000000000000007
0023234554200000001200000000000000021310000000000000012342000012122110000000000100000001322332333435310000000000121000000000000033210000000000000000000000001122000244442244423332444321000001432323210000000000000023221000002322320000000000000000000000000000
0012125554210000022100000000000000022232000000000000112344200002231300000000001110000001312212222245420000000000000000000000000224420000000000000000000001211121000145533434444532233242200000132245420000000000000132111000001334210000000000000000000000000006
0001424544322000022200000000000000033332200000000000122332320000111100000000003432000000000012221343410000000000000000000000000233310000000000000000000003223110000143432333345441223423100000123456531000000000000032221000000254320000000000000000000000000000
0003332553243200034100000000000000124443200000000000013122223000000000000000002432200000000001112234320000000000000000000000000223200000000000000000000002221100000144224432344422434421000000145555443100000000000014433100000345420000000000000000000000000000
0001123443434310133310000000000000134242000000000000001113333000000000000000001432310000000000134444411000000000000000000000000012000000000000000000000012431000000144322442232233344330000000024554234211000000000013345410000134410000000000000000000000000008
0001324343442332344440000000000000023221000000000000001235432100000000000000000234210000000000034455312000000000000000000000000000000000000000000000000234442000000144442331111223334210000000002454223431310000000001246530000132430000000000200000000000000000
0001134544434434344431000000000000012222100000000000000144432200000000000000000034310000000000015665420000000000000000000000000000000000000000000000023334431000000034334320000022432200000000000144323323541000000001144521000023431000000000000000002200000000
0000125533435454434323000000000000001343110000000000000013332100000000000000000013321000000000014555300000000000000000000000000000000000000000000000334542230000000013342221100013442100000000000013101214543000000000224433000024431000000000000000001310000004
0000024423345444344343100000001200000444221000000000000001231000000000000000000001323100000000133343100000000000000000000000000000000000000000000001344554321000000000222222330003243100000000000000000022442200000000011332000013220000000000000000000100000000
1000001331244344433544111300002120000133232000000000000000110000000000000000000000122210000000133321000000000000000000000000000000000000000000000013322355432000000000012343330000133000000000000000000012244220000000012110000013320000000000000000000000000000
2200000000022332324443213320000120000021220000000000000000000000000000000000000001123432200002233540000000000000000000012200000000000000000000000022222224333210000000012332420000000000000000000000000003232320000000001100000014430000000000000000000000000018
2110000000000013133344243232000000000001000000000000000000000000000000000000000001124444120003444541000000000000000000134321000013100000000000000011223232223312000000123423300000000000000000000000000001443330000000000000000013421000000000000000000000000031
0100000000000001422344433332000000000000000000000000000000000000000000000000000000232445311001346542000000000000000000234454000022200000000000000011122221233221200000344422000000000000000000000000000001333421000000000000000001111200000000000000000000000000
0000000000000013343444343322210000000000000000000000000000000000000000000000000000012254443001444552000001310000000000122454100000000000000000000001111123244323200000133210000000000000000000000000000000133323100000000000000000000000000000000000000000000000
0000000000000024455333322313223100000000000000000000000000000000000000000000000000000133334100332332000004422000000000012432200000000000000000000000001132423322100000000000000000000000000000000000000000124322310000000000000000000000000000000000000000000006
0000000000000034334342213100333320000000000000000000000000000000000000000000000000000000121100011120000013334200011000123322221000100010000000000000000023422212000000000000000000000000000000000000000013233321220000000000000000000000000000000000000000000000
0000000000000013223213123000023220000000000000000000000000000000000000000000000000000000000000000000000133445422422200333212432122221332000000000000000014333231000000000000000000000000000000000000000033432323200000000000000000000000000000000000010000000000
0000000000000011122123420000001220000000000000000000000000000000000000000000000000000000000000000000000244455555543211223323421223121331000000000000000001333432000000000000000000000000110000000000000024343553100000000000000000000000000000121111232000000005
0000000000000031112244200000001112000000000000000000000000000000000000000000000000000000000000000000001443443355544344111332322231012120000000000000000000024322000000000000000000000000320000000000000011335443000000000000000000000000000000233332233100000000
0000000000001122222333100000122332300000000000000000000000000000000020000000000000000000000000000000001443321235444454313321211221000000000000000000000000034343000000000000000000000000010000000000000001244421000000000000000000000000000000123322234300000000
0000000000124323342221000000322234310000000000000000000000000000000122000000000000000000000000000000001455422224455543342300011220000000000000000000000000022230000000000000000000000000000000000000000001124430000000000001320122000000000000001232244300000000
0000000000332444422220000001332344320000000000000000000000000000000143310000000000000000000000000000001335434435545533311000002300000000000000000000000000001200000000013220000000000000000000002210000101223310000000000003411222200000000000001221122221100215
0000000000232343124420000001433224300000000000000000000000000000000133320000000000000000000000000000001224445534543454222000014210000000000000000000000000000000000000024432100000000000000000001330012123234200000000000014411244100000000000000100003323222230
0000000000023101224420000001343223221000000000000000000000000220000001200000000000000000000000000000023224435534545553231100024300000000000000000000000000000000000000013424300000000000000000003433223233344300000000000033421333100000000000000000001332213200
0121000000000000001310000000232121323000000000000000000000000210000000000000000000000000000000000010133354233243553344312211232000000000000000000000000000000000000000023433310000000000000000001344423213454100000000000022221122000000000000000000000122232100
1233100000000000000000000000132211232100000000000000200000000132000000000000000000000000000000001322233455333235544443231133120000000000000000000000000000000000000000014344420000000000000000000134212222342000000000000122110000000000000000000000001124423100
3243210000000000000000000000133343432310000000000001110000000134100000000000000000000000000000000213333444553545453453221220000000000000000000000000000000000000000000014443321000000000000000000012224332321000000000000243200000000000000000000000012334543410
2323441000000000000000000000034545533421000000000002221000000011200000000000000000000000000000000123442335544454344443323200000000000000000000000000000000000000000000012433132000000000000000000002244323230000000000000333200000000000000000000000033435444235
1113344100000000000000000000013445424431000000000000133100000000000000000000000000000000000000000132232333433453333223231000000000000000000100000000000000000000000000001321231000000000000000000002432211221000000000000131110000000000000000000000034343434313
2122342310000000000000000000000232333222000000000000123100000000000000000000000000000000000000000021101422001333322101200000000000000000001100000001310000000000000000001232131000000000000000000003443221123111000000000000000000000000000000000000013232342321
3433423111000000000000000000000023544223100000000000111210000000000000000000000000200000000000000000001220000132333000000000000000000000001200000003320000220001100000000243312000000000000000000013433321123233000000000000000000000001320000000000000222332138
5443343333000000000000000000000013454223100000000000012210000000000000000000000000110000000000000000000000000012321000000000000000000121122200000002320001221223300000000033122000000000000000000143312212323431000000000000000000000003431000000000000011322121
4454224444100000000000000000000002224332110000000000222310000000000000000000000000010000000000000000000000000012112000000000000000003234323110000000110012244434320000000012122000000000000000023343212012433421000000000000000000000013441000000000000001313126
4553232244200000000000000000000000133322000000000000122200000000000000000000000000111000000000000000000000000002220000000000000000001343322311000000000133434544322000000001110000000000000000344443310013443431000000000000000000000003443000000000000000012336
4554432222100000000000000000000000012431000000000000132100000000000000000000000000342100000000000000000000000001320000000000000000001233333321000000000023344422331000000012200000011000000000333233100013245541000000000000000000000002442200000000000000000140
4434323221000000000000001210000000002231000000000000133100000000000000000000000001344310000000000000000000000022330000000000000000001121243421000000000002232111331110000011100000011100000000133321100013355441000000000000000000000000113200000000000000000137
5344334200000000000000021441000000002320000000000000022300000000000000000000000001342320000000000000000000000233310000000000000000000111123330000000000000100001222320000001000000012311100000001122000012245421000000000000000000000000011100000000000000000038
3444441000000000000000013453000000000000000000000000011300000000000000000000000000223320000000000000000000003223300000000000000000000000223210000000000000000000333320000000000000013333300000000000000132223231200000000000000000000000000000000000000000000015
2335532000000000000000145553000000000000000001220000212210000000000000000000000000013222000000000000000000001321000000000000000000000000033320000000000000000000011300000000000000014321100000000000000023232431100000011000000000000000000000000011310000000000
2244432000000000000000344441000000000000000133222000212220000000000000000000000000000221000000000000000000000211000000000000000000000000002220000000000000000000000000000000000000012211100000000000000002433433100000222300000000000000000000000023431000000007
3345421000000000000000223310000000000000000334442100232110000000000000000000000000000000000000001100000000000021200000000000000000000000000000000000000000000000000000000000000000132121000000000000000003422444210000233210000000000000000000000012232000000000
2444320000000000000000012200000000000000001234444200122200000000000000000000000000000000000000014410000000000003321000000000000000000000000000000000000000000000000000000000000001334221000000000000000012432244420002343210000000000000000000000001222200000000
2344300000000133100000001100000000000000012432343100123100000000000000000000000000000000000000033420000000000002343100000000000000000000000000000000000000000000000000000000000002343331000000000000000011333343220003443211000000000000000000000000014210000006
2233100000000344310000011221000000000122134332443100333300000000000000000000000000000000000000023222100000000001354200000000000000000000000000000000000000000000000000000000000011233431000000000000000002333233213001333231100000000000000000000000002312000000
3332100000000233321000013242000000000233234422354100233321111000000000000000000000000000000000013344410000000001452210000000000000000000000000000000000000000000000000000000000123232331000013200000000000245321123101222334300000000000000000000000000000000007
1111200000000022311000002233100000000233444200232000233313320000000000000000000000000000000000001355430000000001343100000001210000000000000000000000000000000000000000000000000333554233000024310000000000144432222311212343200000000000000000000000000000000000
0000100000000001110000001334320000000232331100021000012321320000000000000000000000000000000000000344310000331001232210000012343100000000000000000000000000000000000000000000000134553432100013410000000000023342223342211331000000000000000000000000000000000000
0000000000000000000000001234233110000132233000001200001211320000000000000000000000000000000000000022100002354212332430000034444200000000000000000000000000000000000000000000000224445321100001200000000000013443221234332210000000000000000000000000000000000000
0000000000000000000000003232344422000022343000001100002201210000000000000000000000000000000000000000000133554442332310000133221100000000000000000000000000000000000000000000000244455430000000000000000000003323432335433300000000000000000000000000000000000003
0000000021200000000000001311434243100001343100000000002122210000000000000000000000000000000000000000000034545444432000000034222100000211121000000000000000000000000000000000000133334531000000000000000000001333443345544210000000000000000000000000000000000000
0000000234210000000000000003332343200000243310000000001334320000000000000000000000000000310000000000000002253345332000000114443000013221122100000000000000000000000000000000000022333332000000000000000000000145544235544330000000000000000000000000000000000110
1000000355420000000000000001323323100001323420000000001344200000000000000000000001310001341000000000000000343444321110000133421000023443224200000000000000000000000000000000000002121210000000000000000000000124323344554421000000000000000000000000000000001343
3000001345430000000000000001234332110000333222000000001342100000000000000000000003430000223110000000000000143231002420000122120000023442323300000000000000001000000000000000000000000000000000000000000000000032333355654444100000000000000000000000000000013338
3100013432200000000000000001332331121000143221100000000244100000000000000000000002320000023430000000000000243110001321000021200000133412243210000000000000001110000000000000000000000000000000000000000000000013343445454554200000000000000000000000000000013440
2100013331000000000000000001323222323100013223200000000034431000000000000000000013200000024321000000000211332310000123000001000000332221332110000000000000021431000000000000000000000000000000000000000000000000234342444454100000000000000000000000000000023231
1000001130000000000000000000113332242310000213310000000002443000000000000000000132100000024222100000001231234310000011000000000000142332121200000000000000034331000000000000000000000000000000000000000000000000023322243354300000000013200000000000000000231240
0000000000000000000000000000223424433221000012553100000001332111100000000000000133100000002212200000000312332430000111100000000000022342321100000000000000124331000000000000000000000000000000000000000000000000013312233444200000000013220000000000000001322337
0000000000000000000000000000133233433442000013565300000000233123321010000000000133300000000123120000000232234232001112100000000000001344224300000000000000033310000000000000000000000000000000000000000000000000002111243333000000000002210000000000000000332330
0000000000000000000000000000023553335542000002465210000000332344222000000000000143300000000021123000000234554533122232220000000000000332333310000000000000001100000000000000000000000320000000000000000000000000000111334212100000000000100000000000000000244430
0000000000000000000000000000135655235543200001453430000000234455211000000000000244300000000011333000000134456431333322421000000000000012123333100000000000000000000000000000000000000222100000000000000000000012100002244323200000000000000000000000000001344310
0000000000000000000000000000255665345443231000324421000000222445412000000000000233220000000002321000001244445422222434231000000000000000013342422200000000000000000000000000000000000222200000000000000000000024300001434542200000000000000000000000000003221332
0000000000000000001211111011454444435542333111123222000000022344231200000000000114323000000001231000001243323220233233322000000000000000002244343221132100000000000000000000000000001322100000000000000000000034310001455452000000000000000000000000001122300230
1000000000000000014323432234344344442443323434222343100000012322232122110000000033422200000011222000002332232100001111110000000000000000000222343331243110000000000000000000000000001341210000000000000000000344320001355543000000000000000000000000113423000138
2000000011211101144344322244433333433334333553424434100000002211131132320000000134333200000022130000001344342000000001100000000000000000000000011322432210000000000000000000001211012334121000000000000000002454310000124432000000000000000000000001134442100158
1000002322133243555532322225423324323312223545445342000000001321212322220000000033443000000011100000001354320000000000110000000000000000000000000023332320000000000000000000002221133332321211320000000000003345310000022330000000000000000000000002323454100148
0000133443333434555333222224423242233002213543335531000000000322112312210000000023430000000000000000002442210000000012100000000000000000000000000003432330000000000000000000001432222101124312331000000000000122310000023420000000000000000000000000222555300110
0000245552334334223311123002333432321001312441135531000000001342221121000000000013200000000000000000002423410000000121100000000000000000000000000001333320000000000000000000001343210001444323332000000000000001123000144410000000000000000000000000002255200005
0000255532133222321000000000333232230000011232133420000000003434432100000000000021100000000000000000001333310000002322121100000000000000000000000001234320000000000000000000000344310001455423110000000000000000144100234221000000000000000000000000000124200000
0001434432221322431000000000123221321000002232444200000000001334444310000000000001100000000000000000001223321000003321134310000000000000000000000001223100000000000000000000000243220000355332210000000000000000243210133442000000000000021000000000001223300000
1113432552100132341000000000133221122200002322443100000000000142334410000000000002110122100000000000000124421200001222334420000000000012100000000002321000000000000000000000000333310000133323311000000000000001333220002441000000000000033222100000001322100000
3333233564100001223100000000134323222100001343453200000000000022324210000000000002112244300000000000000022423310001231213321100000000233310000000002200000000000000000000000002244200000000013232000000000000001333300001330000000000000014444322000001120000007
4433345564310001334310000000233421323310000234354100000000000001132211000000000000131434200000000000000003434341000210002433220000002232320000000000000000000000000000000000013442100000000000220000000000000002242000000000000000000000002355443200000000000000
5442344654530001344331000002232332233330000023333300000000000000222342100000000000012233200000000000000002333442000000001442220000002122431000000000000000000000000000000000022344200000000000000000000000000012431000000000000000000000000255432200000000000008
4422224355441013223434100002334232323431000034411100000000000000012342100000000000011222000000000000000001233432100000000122100000001212231000000000000000000000000000000000122333000000000000000000000000000022330000000000000000000000000145422110000000000006
3211133543433232213433200001332222333441000024311200000000000000001222200000000000224322000000000000000001222343200000000000000000013322211200000000000000000000000000000000243320000000000000000000000000000123220000000000000000000000000023332122100000000000
0000034543222343333232200000000023354343000023221000000000000000000132100000000011234430000000000000000000134433321100000000000000013432223121100000000000000000000000000001232100000000000000000000000000001323310000000000000000000000000012243223220000000002
0000013332222454432433300000000002343222000013232000000000000000000122100000000132223210000000000000000000133222333300000000000000012445453323310000000000000000000000000000011000000000000000000000000002112323342000000000000000000000000003343334211000000010
0000000000013443444321210000000000223210000001310000000000000000000132100000000122442200000000000000000000111111323210000000000000001244554331330000000000000000000000000000000000000000000000000000000002333433444210000000000000000000000012323245433000001336
1000000000001223244312310000000000000000000000000000000000000000000010000000000011442210000000000000000000021001323121000000000000001334434421110000000000000000000000000000000000000000000000010000000001123333444420000000000000000000000023211235432000003221
4100000000000002212122210000000000000000000000000000000000000000000000000000000001332311000000000000000000011200332233000000000000001343553222100000000000000000000000000000000000000000000000210000000011233221234110000000000000000000000033321355532000001224
4100000000000000142222200000000000000000000000000000000000000000000000000000000000000110000000000000000000022100232243100000000000000234543322000000000000000000000000000000000000000000000000221000000001234312232300000000000000000000000014422345420000001359
3000000000000001343223200000000000000000000000000000000000000000000000000000000000000000000000000000000000033000323343200000000000000024322331000000000000000000000000133000000000000000000000010000000000132233333000000000000000000000000034312113100000001345
0000000000000003321112000000000000000000000000000000000000000001310000000000000000000000000000000000000000123101234544210000000000000002311131000000000000000000000000232200013100000000000000000000000000011012442000000000000000000000000034221000000000000310
0000002000000012321000000000000000000000000000000000000000000013321311000221000000000000000000000000000001332321224444331000000000000000111133000000000000000000000012212111133220000000000000000000000000000012454100000000000000000000000013222000000000000000
0000002100000013430000000000000000000000000000000000000000000004422343012232000000000000000000000000000001334421332334422000000000000000021231000000000000000000000232332123123231000000001000000000000000000002454200000000000000000000000001441000000000000000
0000001100000034320000000000000000000000000000000000000000000002433333112121000011320000000000000000000000124322323132341000000000000000002210000000000000000000001223432233432432000000001110000000000000000000223100000000000000000000000001332200121100000005
0000000000000024420000000000000000000000000000000000000000000002442332201312212334441210000000000000000000012332222311332000000000000000000110000000000000000000013334344422453320000000002220000000000000000000022000000011000000000000000000221211234300000000
0000000000000023320000000000000022000022100000000000000011200001332232001212223543423121000000000000000000000233242221232000000000000000000000000000000000000000002334343421443210000000000100000000000000000000000000000033100000000000000000011222343100000013
1000000000000003300000000000001211111122100000000000001323220001323110000000014442100011200000000000000000000033443222331000000000000000000000000000000000000000000131232312234220000000001100000000000000000000000000000012310000000000000000111233322000001338
1000000000000000000000012000013222333322210000000000001333322014432100000000001320000000000000000000000000000003332324431000000000000000000000000000000000000011000000124411222100000000002110000000000000000211000000000012331000000000000001222432200000003359
0000000000000000000000021111111232233443211000000000001345532244542100000000000000000000000000000000000000000000134344441000000000000000000000000000000000001343000000144331232110000000001100000131000000000133110000000001443000000000000001444421000000002435
0001210100000000000000001333342343223224332200000000014435542334443200000000000000000000000000000000000000000000013323423111000000000000000000000000000000002434200000023211133410000000000000001323200000122233222000000001442200000000000001244323100000000110
0003321000000000000000000245444334342114544220000000025433322321122100000000000000000000012200000000000000000000000122342342000000000000000000000000000000002344200000000000235420000000000000013234320001444434421000000001433200000000000002133434300000000000
0013433211000000000000000144532135540012332210000000133543211100001110000000000000000000023110000000000000000000000002211223000000000000000000000000000000001332000000000000133100000000000000023334421003433334432100000001432200000000000001332343310000000001
0013335554110000000000000144332135410000001100000000243431000000000232000000000000000000024210000000000000000000000000000110000000000000000000000000000000000000000000000000000000000000000000013345444101443223222200000000232100000000000001334323320000000000
0001335543431000000000000134421134200000000000000000343320000000000143000000000000000000133210000000000000000000000000000000000000000000000000000000000000000000000000000000000000000000000000034554553200244223110000000000013200000000000001344333310000000000
0000144222333000000000001334211123100000000000000000123210000000000343210000000000000000142200000000000000000000000000000000000000000000000000000000000000000000000000000000000000000000000000024545554110133120000000000000023200000000000001445443220000000000
0000132221132300001100001432212322110000000000000000012100000000000224312210000000000000023000000000000000000000000000000000000000000000000000000000000000000000000000000000000000000000000000013454454210000000000000000000012000000000000013444454210000000000
0000011000013410122120001443433223120000000000000000000000000000000001221320000000000000000000000000000000000000000000000000000000000000000000000000000000000000000000000000000000000000000000001322343222000000000000000000000000000000000134345543300000000000
0000000000003432222320000124342331100000000000000000000000000000000000032210000000000000000000000000000000000000000000000210000000000000000000000000000000000000000000000000000000000000000000000011122231000000000000000000000000000000000143454433000000000000
0000000000001333334410000002324331000000000000000000000000000000000000013320000000000000000000000000000000000000000000002212000000000000000000000000000000000000000000000000000000000000000000000000001111100000000000000000000000000000000234543420000000000000
0000000000001243323200000001333311000000000000000000000000000000000000001323000000013000000000000001111100000000000000002232000000000000000000000000000000000000000000000000000000000000000000000000000001000000000000000000000000000000000124445420000000000000
0000000000001323334200000001332330000000000000000000000000000000000000000332000000222200000000000002323300000000000000000132000000000000000000000000000000000000000000000000000000000000000000000000000000000000000000000000000000000000000022443100000000000000
1000000000000222433200000001323431000000000000000000000000000000000000000130000000122200000000000112433310000000000000000231000000000000000000000000000000000000000001100000000000000000000000000000000000000000000000000000000000000000000012311000000000000009
4100000000000013332100000013444411000000000000000000000000000000000000000000000000000000000000012233444420000000000000000022000000000000000000000000000000000000000023310000000000000000000000000000000000000000000000000000000000010000000001110000000000000013
4310000000000002232310000135543321100000000000000000000000000000000000000000000000000000000000133244453531000000000000000013310000002000000000000000000000000000000223422000000000000000000000000000000000000000000000001200000000121000000000000000000000000005
3331000000000000223321000043423233310000000000000000000112100000000000000000000000000000000000344444545343000000000000000033330000001222000000000000000000000000000123342100000000000000000000000000000000000000000000013221000000142100000000000000000000000000
3442100000000000022243100013100222331000000000000000002234300000000000000000000000000000000000245555542333100000000000000002322000002322000000000000000000000000000022332300000000000000000000000000000000000000000000013443000001343100000000000000000000000000
3444320011000000001234410000000023322000000000000000001233300000000000000000000000000000000000133555431133000000000000000001332100002222000000000000000000000000000001221121100000000000000000000000000000000000000000012454100021233410000000000000000000000005
3344331133100000000024441000000013210000000000000000000114310000000000000000000000000000000000014555532232000000000000000000333200000110000210000000000000000000000001323321000000000000000000000000000000000000000000023434200132324331000000000000000000000002
4344433144220000000013342100000002200000000000000000000013220000000000000000000000000000000000001456554331000000000000000000000000000000000212000000000000000000000002322210000000000000000000000000000000000000000000014435300223355423100000000000000000000000
4433422244213000000001223230000000000000000000000000000122210000000000000000000000000000000000001354544541000000000000000000000000000000000010000000000000000000000000220000000000000000000000000000000000000000000000001355300012345333120000000000000000000007
4442332233123000000000124331000000000000000000000000000213222100000000000000000000000000000000001443443531000000000000000000000000000000000000000000000000000013100000000000000000000000000000000000000000000000000000000224200012244422221100000000000000000000
3234343321221100000000124321000000000000000000001320000223444311000000000000000000000000000000001234334432100000000000000000000000000000000000000000000000000034300000000000000000000000000000000000000000000000000000000122210002335222323320000000000000000008
3342332322112100000000133320000000000000000000003210000013442443100000000000000000000000000000000232233234300000000000000000000000000000000000000000000000000034410000000000000000000000000000000000000000000000000000000134321001244433255522000000000000000000
1243334543322120000001242210000000000000000000000100000000122334300000000000000000000000000000000134333343310000000000000000000000000000000000000000000000000014441000001100000000000000000000000000000000000000000000000021233113334343545432000000000000000001
1332324354222220000002312200000000000000000000000000000000000243210000000000000000000000000000000224454534320000000000000000000000000000000000000000000000000001454100002210000000000000000000000000000000000000000000000001144333243434553120000000000000000000
0232134433223221000022222100000000000000000000000000000000000123200000000000000000000000000000000114445442300000000000000000000000000000000000000000000000000002454300001210000000000000000000000000000000000000000000000000233322233231331000000000000000000000
1233332323443443000132323000000000000000000000000000000000000000000000000000000000001222100000000013455531000000000000000000000000000000000000000000000000000000232131000000000000000000000000000000000000000000000000000000012322333100000000000000000000000000
3344444234543343000134321000000000000000000000000000000000000000000000000000000000012243300000000001234310000000000000000000000000000000000000000000000000000000021123300000000000000000000000000000000000000000000000000000001233441000000000000000000000000000
1555434234344541000122320000000000000000000000000000000000000000000000000000000000022443200000000000023000000000000000000000000000000000000000000000000000000000002344431000000000000000000000000000000000000000000000000000001323331000000000000000000000000001
2355444332235541000011120000000000000000000000000000000000000000000000000000000000002222000000000000000000000000000000000000000000000000000000000000000000000000001333433000000000000000000000000000000000000000000000000000000234341000000000000000000000000000
0124211312433531000000110000000000000000000000000000000000000000000000000000000000000000000000000000000000000000000000000000000000000000000000000000120000000000000231122200000000000000000000000000000000000000000000000000000122443000000000000000000000000000
0013000122434443000000013000000000000000000000000000000000000000000000000000000000000000000000000000000000000000000000000000000000000000000001000113231000000000000011232410000000000000000000000000000000000000000002200000001121133100000000000000000000000000
0000000133444533100000032211000000000000000000000000000000000000000000000000000000000000000000000000000000000000000000000000000000000000000023323343420000000000000001344333100000000000000000000000000000000000000012321000012343211220000000000000000000013100
0000000234553343200000013233111111010000000000000000000000000000000000000000000000210000000000000000000000000000000000000000000000000000000123344343100000000000000000233343310000000000000000000000000000000000000003343000122334422222320000000000000000013200
0000002445443221000000001223211322323000000000000000000000000000000000000000000001221000000000000000000000000000000000000000000000000000000233223222000000000000000000122232431000000012113220000000000000000000000001431001313232144444210000000000000000012100
0000122431312210000000001211221144342300000000110000001000000000000000000000000001442100000000000000001210000001000000000000000000000000001344320011000000000000000000011223232000000133134421000000100000000000000000130013211200124432100000000000000000002230
8000936000010000000040803402030906067060080001970000064800400500000613304240000100879032060006004006109950100068400000070008010000080400007734720007209002090001040000020104011070160371015750000009090030090000105000400015900100061800000000080000050010300455
